T = 1.0
E = -1.99598
Var(E)= 0.0320823
Cv = 0.0320823
M = 1490.48
X = 3.9933

